2518
8387
2461
9421
9179
294
3553
8889
4680
9029
3074
2044
1051
8808
3401
6461
5696
4041
2726
9668
9287
6536
5002
1910
9672
1712
8564
9714
5028
4297
6122
4663
4638
3503
4635
9385
5866
1716
1587
5140
2501
2498
7438
1776
1350
2580
144
1846
2242
9957
6421
2241
1110
3048
6900
5320
1905
2585
4329
1627
1327
740
5603
7884
606
8358
2059
9137
5514
7296
343
4087
1484
275
9966
985
243
8424
493
1409
8513
4847
8137
8685
7513
2955
5061
7830
8263
203
8662
5901
9745
2780
5829
5191
7676
8302
2406
4923
2035
4564
8199
1561
9555
2304
1786
8942
8106
6174
8678
1717
226
1439
3419
9488
1832
3817
4997
2167
1522
2733
[200~2518
8387
2461
9421
9179
294
3553
8889
4680
9029
3074
2044
1051
8808
3401
6461
5696
4041
2726
9668
9287
6536
5002
1910
9672
1712
8564
9714
5028
4297
6122
4663
4638
3503
4635
9385
5866
1716
1587
5140
2501
2498
7438
1776
1350
2580
144
1846
2242
9957
6421
2241
1110
3048
6900
5320
1905
2585
4329
1627
1327
740
5603
7884
606
8358
2059
9137
5514
7296
343
4087
1484
275
9966
985
243
8424
493
1409
8513
4847
8137
8685
7513
2955
5061
7830
8263
203
8662
5901
9745
2780
5829
5191
7676
8302
2406
4923
2035
4564
8199
1561
9555
2304
1786
8942
8106
6174
8678
1717
226
1439
3419
9488
1832
3817
4997
2167
1522
2733
8019
9663
929
6666
9016
9199
8339
5136
7394
3168
4347
3879
6729
4419
8805
2209
7450
2327
8628
5725
2132
4827
5567
605
1235
9776
4108
8794
5420
4851
5851
4791
1208
6378
1607
1476
3348
2477
3704
2644
4935
4935
220
1201
4550
3308
1015
2830
21
9693
6041
5340
9791
4890
6879
3505
136
3784
1532
1111
9313
7891
7881
209
9388
2454
3515
9123
1280
6920
117
8290
6991
5929
7965
2554
6246
7133
2131
4527
4293
9768
2351
3349
2095
6011
6202
4980
1028
8686
6305
9590
2861
4319
8405
7571
7144
1705
4470
7120
8469
7145
5313
4291
8944
2029
903
6794
673
8590
560
5804
6336
3151
1184
3679
8220
8854
2505
6316
5469
6299
1169
8657
2056
3726
5142
837
5876
1518
2831
3041
4843
9863
3956
3773
2995
8220
3969
8377
2654
5862
8871
4381
5647
3387
8403
322
8845
5106
1683
8019
7372
310
2182
2798
6090
1193
5508
1488
2104
3291
3038
64
1834
8971
5943
7386
4769
9661
9875
7359
2982
6461
1022
5498
1305
3123
8721
5638
620
7480
3792
9807
3001
7352
4247
2103
2891
8359
3847
218
3004
9225
4540
6963
6842
3229
7025
3920
6703
1689
1877
3860
9489
7852
1743
9772
7512
5184
4624
9284
4463
4175
1353
618
9276
3160
1741
9490
1891
9585
8664
4172
2567
1695
8400
2580
6002
1348
5418
9689
9128
3208
2080
832
5975
9595
8850
8105
9122
1498
7450
9282
4495
5488
1045
8602
9932
3647
6191
713
1257
8559
8158
4175
5442
6022
7922
5818
6956
8600
1803
4684
7490
4369
7595
6827
7744
6737
5389
2314
5040
9704
3543
6489
1875
8898
3708
5593
9363
9364
5829
1587
3430
4456
4689
5801
1397
6629
8026
9485
1614
1283
2715
5344
2359
8893
8846
3230
6068
2583
1338
3432
362
6546
5326
4593
965
3982
2647
8174
1543
5504
6040
1832
6818
7476
3082
1076
7016
2581
5873
916
2321
1178
2690
2863
9421
3443
5106
7023
3722
6997
8065
7242
4232
6177
5767
115
3163
8572
8093
6609
1105
4667
1679
2928
5797
4381
2320
8470
2307
349
238
3049
8461
9400
7656
2112
3949
6556
7886
2487
7755
5330
2168
439
9218
157
1146
9637
302
3219
4438
3146
5033
6860
6450
7491
9014
7416
5547
8441
6861
9350
4906
4419
8153
2547
470
4411
1870
6943
7547
2271
8415
2262
1641
8937
239
1917
8288
881
1254
3340
3002
3713
2662
6731
7369
8201
6623
9856
1140
660
8160
2568
2508
6394
2718
8243
6451
8600
1466
5189
7759
1853
222
2426
4171
631
1800
602
96
1629
859
4302
7570
6222
1218
802
1997
570
4742
5995
6098
5711
6034
1466
684
7639
3285
7905
9544
4431
6135
9286
7204
9547
896
9782
1607
2632
6293
8924
4482
9731
8228
8034
549
7801
275
8534
2901
5710
996
6689
7117
8929
5436
1077
5922
720
1412
1205
6156
8104
1630
1865
641
6496
5196
6545
1028
8502
6766
2538
8206
1402
2907
1951
2348
2026
4530
8498
9802
4797
1745
8283
3357
4868
9205
4912
2487
5502
5699
6070
2391
3339
4359
5734
1679
9443
3851
3188
5370
5480
315
1740
8573
153
7014
2798
9230
1689
3799
2204
1890
144
2085
8145
5371
4527
6999
52
7954
1913
716
2524
5745
2000
7546
8343
3397
7966
1861
6742
2802
5558
227
4235
3431
3402
334
38
2691
6030
3018
3036
1671
8589
8615
4666
638
5354
4664
2056
444
3786
6997
5009
6179
3472
5071
6241
491
1704
1890
2496
5650
9944
1072
2367
3938
324
9691
9696
5619
6274
2242
1787
3265
2573
6672
30
6335
6781
2098
2821
6923
9479
4888
5595
5044
8049
3165
1695
8202
8665
1946
1226
5941
758
3608
351
4568
8463
645
3284
6135
91
1112
1121
5799
2905
3096
1911
9333
1921
7083
1650
6601
186
5163
6306
6156
781
3181
6071
9544
6921
468
3035
9856
7641
8180
5348
336
963
1955
1641
3750
1603
5461
3877
6176
455
3463
74
7896
8636
5291
8025
302
8233
2870
191
260
7626
1591
913
3616
7376
7402
6283
509
3911
251
9157
9571
3800
2190
5560
2136
9680
2398
304
5687
6161
2085
8706
9984
1239
7516
6063
3856
3246
9027
2393
9491
2066
7219
9638
55
9302
8658
7587
707
2105
407
2683
8375
246
3118
7928
198
4108
5230
9753
5089
9326
9241
9621
486
4954
1364
1758
9177
447
1689
2473
1217
1259
6777
5838
7351
9267
9957
123
7418
8440
1582
9774
1703
7478
8011
1586
8231
9421
1308
4521
6760
2085
5021
1819
3985
8062
7869
8510
8720
662
6575
2087
1431
8815
2096
7744
3463
9440
4683
9786
75
9418
137
1685
5048
7198
8877
1469
3459
1069
1407
1543
852
6640
9943
3629
9225
1449
7645
2662
8254
9242
1982
3914
4124
325
1825
5460
7967
355
3259
9033
2269
6921
3712
6008
1684
9479
9227
8002
5570
2019
3120
6860
827
3558
8800
1635
1879
6293
6429
6895
4090
5443
9406
8891
9144
7828
805
2036
984
7077
4846
1343
1752
7579
6139
6048
962
4458
8543
7097
5645
8919
231
4992
695
3471
5120
6212
7314
7449
612
4065
8620
8585
9079
3441
8804
2582
689
2390
3177
5807
109
1221
8741
10
834
9749
5546
7869
575
3993
7228
2097
7804
4026
7775
2611
1166
3225
7826
8988
636
1667
2013
8052
2736
6085
5110
5058
3792
3314
8522
2807
142
1427
4843
3741
3564
1390
5877
8282
7812
4955
5253
2169
7095
4995
2700
4506
7940
2329
9872
1432
3131
141
7747
8828
3619
5295
1465
2176
9241
7313
1540
7175
8617
5744
4130
283
754
6500
1242
7095
8710
8966
7122
7895
3407
802
9412
6588
712
4205
9603
4516
1546
728
2617
4265
934
1638
3730
2840
4051
5994
62
838
9640
1749
4834
366
8412
4175
3169
1310
5996
4339
1626
19
5469
7296
9634
817
723
556
99
2728
1681
8684
6724
2243
5394
5634
4699
6866
5895
5607
8000
4091
1585
5273
4884
1165
434
3686
4803
757
1135
4873
2789
8501
4361
9428
1163
4753
7949
6879
1368
5931
5528
64
7950
9010
6446
7132
8555
1591
2029
5341
4275
7296
8798
8709
6368
1840
3068
1713
7062
5334
1560
929
3260
9749
3515
9559
9577
4325
3869
1390
347
4279
1895
6637
254
6415
5044
1468
1946
797
9293
6262
6654
876
7125
4400
1068
5231
449
6809
1413
3304
8973
5586
918
9387
1483
4688
9299
2755
1469
4400
899
4371
9173
2042
8140
3600
3642
5001
5681
9181
7950
1306
7913
855
6687
6787
7698
3394
6299
470
933
227
1047
1254
2268
2256
1936
1992
9761
8868
2467
6174
6585
3720
1947
1792
9425
846
7898
3420
3031
6192
618
6352
6908
4393
803
5797
1897
3137
4992
527
5408
5567
9725
8594
9044
5178
9204
3287
9244
4321
1784
3535
2356
7356
4385
9879
2468
2962
7738
2364
8660
3260
2263
9153
8576
410
1531
2383
697
2180
3257
525
1773
7780
153
3760
4376
3122
8893
5028
1035
6368
6916
7100
1164
3992
3007
1094
8941
5890
1827
1266
4161
2730
2974
2101
5628
8962
7965
8521
9131
7460
7405
3111
6437
1994
4513
2232
1088
1345
5572
8312
38
2331
255
204
9049
1556
9453
8710
3829
5640
332
6118
6357
8931
727
531
1321
169
5170
7210
3622
663
7174
1110
190
633
958
4977
1698
3246
624
1642
3398
7897
6768
5512
7284
4425
6018
5102
2659
1051
9391
1167
696
5406
3081
1651
2222
6983
4178
8011
4755
4390
1882
9218
8835
6185
6376
6756
120
6976
7787
931
4338
6049
1857
3944
6836
1725
1815
7287
4271
3794
6642
3382
9555
2146
8254
1775
979
7956
293
435
5576
3226
5970
2306
8713
2275
9158
585
2730
9905
4219
6731
2162
909
7960
1907
65
3498
3844
2456
8050
3911
1230
4594
541
8361
1276
2924
784
4473
7554
3323
6063
969
8998
7118
2250
2589
3666
3271
7294
3080
6666
4233
3950
8356
718
5137
1796
4534
4225
5210
3922
1505
1035
9356
2654
9706
604
1764
2606
3516
8739
3770
352
5101
5646
7807
2413
880
1298
2646
6814
2301
4222
6037
95
942
43
4859
5476
539
2966
9252
666
6744
9905
475
1823
6589
4278
4063
6260
2134
8126
2665
9505
620
2946
5933
8250
2037
6655
9263
2913
1511
3871
2152
1532
5747
4582
6089
2553
7503
9658
1231
2063
8164
8727
88
903
330
5458
8533
6570
7440
8732
3616
4284
3440
8585
463
6586
2706
5841
8538
2448
2176
487
4458
5278
8219
8953
2098
3100
4028
6247
6899
747
7133
8823
5818
2446
7001
2423
8525
7209
448
2309
2326
2376
8688
7068
9470
4788
8977
3696
5838
898
4975
2988
5010
8892
1102
2042
7183
2419
1769
867
4951
1589
7851
8551
6314
8700
3586
1343
9263
2392
6704
9344
7220
8398
708
787
3970
6304
3161
2100
3092
1743
1501
6488
505
7710
1044
1474
2200
1673
3294
167
5956
6614
4582
5008
4016
538
4589
2432
6148
1343
119
1831
513
1125
3060
2790
9618
7895
4241
7828
483
4319
8096
5681
9510
3148
3685
3609
724
19
387
2522
7889
4548
2727
1258
6851
4063
5426
7635
1988
7671
1901
3264
5446
1797
1288
173
3942
1328
8499
3001
9220
427
4785
383
3538
2703
1338
6310
123
8011
6816
7590
599
5737
2212
4636
9308
9540
3497
7408
8694
7223
7161
5876
3514
8582
1848
3455
1879
2755
5046
171
1535
1562
6344
5532
5973
1646
3609
643
7094
8664
7261
8449
9645
8301
1334
5680
6898
1391
2651
5630
1123
4695
5
7867
5542
8273
412
2742
1309
7800
1362
3394
3451
3380
8462
8415
4838
3025
2939
7478
2749
3619
1154
4997
1388
9206
1222
4732
622
6506
1486
8535
3234
2559
3976
1709
2305
5661
172
6024
3679
936
2223
5462
2016
5698
1577
1439
5565
1505
137
888
5831
9746
4375
7784
6203
7662
1370
9801
5271
5933
6747
7473
1932
6600
4378
3073
1140
4163
5232
878
8918
7178
773
3438
6999
3563
2578
437
3763
9525
537
3681
5037
5312
4788
2482
2499
1725
268
8703
9430
414
2699
1685
8761
3145
2115
209
407
2426
6144
8303
3289
4855
2988
355
7496
647
2034
9753
4144
7301
3381
2937
2854
1042
1169
1581
9932
9993
8610
5221
9939
4855
4516
4459
4368
7371
6459
3491
6721
490
8213
3349
3233
2838
2140
7982
858
5855
5264
2691
1595
6666
5204
1703
2795
1826
9815
6527
4493
4380
6086
9109
4661
1088
2128
8042
5113
9460
3979
1408
3259
8091
421
7254
9830
6079
2637
2356
8230
6714
6803
2138
2877
1691
5373
7301
4932
9479
5164
7282
2351
110
751
4389
2484
3407
1910
1500
6461
5679
2377
4575
1452
1894
3737
2539
4335
4538
1719
9952
6244
5984
2101
3336
7694
5296
8858
249
9288
5513
1946
9996
1545
7413
6260
6590
553
7502
3918
3479
1284
65
1118
6186
5453
9954
5578
684
7108
7024
3923
9817
8091
7818
4125
9411
4853
946
6226
2572
5216
2833
263
406
292
5371
6335
4440
5340
5988
8495
1588
7093
2740
3571
5399
4277
8327
9807
7217
8686
2888
2151
1430
9683
6063
6754
5844
3338
5416
5341
3333
323
9574
509
9367
1448
6375
295
939
3269
3946
8595
4715
4345
9903
3166
7343
9661
4462
2271
8322
4245
2026
2141
3008
9029
1495
5854
6003
4006
3258
2435
2030
3241
5264
1218
5625
2508
7826
7524
7822
90
615
225
2404
2599
7226
6168
1418
4365
9966
8036
9766
6368
4879
2459
2575
6857
1818
6504
2839
657
5104
6572
9661
6396
6360
1216
7506
8376
8739
8542
8331
9814
2163
7537
9318
6056
7534
1674
5760
4940
8911
5845
7974
2280
734
4507
8587
4918
4433
7464
9962
658
4899
6880
1500
4930
1780
7470
3995
1365
370
8397
8904
4703
8918
9435
2474
9092
5890
4379
7241
8962
9529
3657
8954
3845
3887
5283
8235
4293
8131
5014
3330
2626
4362
3623
8785
3315
4607
8932
892
5659
5591
506
3022
3581
6441
8503
4009
3490
670
1810
1468
9497
9749
4186
6602
334
7483
1853
8521
6013
4169
3579
1256
1512
1294
1593
1493
7048
2078
3770
7421
5617
2283
1115
133
7994
1683
9309
1177
2907
9098
1561
5555
6166
1658
3823
7166
1195
6905
9648
4107
7671
730
2333
7172
9677
1269
1183
3871
4345
3899
6600
2390
7472
4405
6537
3956
1579
8525
2870
1890
5638
639
6823
5348
6852
9809
2640
2013
4981
1921
1396
6698
7883
7390
6901
2397
4121
8713
1151
3369
2749
1165
4022
6958
4863
6461
1452
8645
5162
541
9416
5342
2924
3605
9156
5431
5993
4609
997
401
7652
7307
961
6734
6288
8957
2123
3373
4787
5826
322
4473
5292
205
6316
2942
1607
6268
3373
5390
4431
8238
1164
6915
5108
9618
7416
4662
7981
2
4630
3936
2575
8384
3967
3390
3550
1632
2056
6122
7956
5350
353
4872
8800
3201
5746
7278
624
2185
2642
6888
7794
3509
8475
1579
2711
8080
3291
7864
9305
252
9564
6579
527
9319
2710
4580
5822
4078
4434
4557
83
8879
8498
3758
3886
3107
3792
950
2241
5884
6901
6267
7450
6252
1995
2188
5356
1702
9605
8596
1941
392
9965
177
4155
9289
4014
9718
1352
3583
4515
7710
7800
245
2079
4595
3889
8731
5615
3902
9731
9582
4925
6463
1087
4986
6054
1182
1148
6509
942
9155
6120
6845
7522
8932
6284
6317
303
4189
5571
2668
5697
6965
6845
4894
1247
6814
1471
1344
1125
2893
2701
1574
8321
843
5722
695
1426
1659
1759
9067
5790
8877
1403
195
2068
4930
1610
3435
2369
417
6008
780
6134
1594
3128
3284
7289
5816
4784
1914
1147
7036
935
700
8763
2584
6627
2987
5337
6297
1804
2026
9933
7530
69
3491
3721
2612
5004
5291
2764
6794
8447
8759
425
5988
4433
7487
6023
1274
3005
7265
1258
6099
1627
6345
3522
8062
4561
9471
2530
8434
7772
3042
4756
1921
8191
6708
3515
1538
5978
8774
3481
4911
4159
7142
2386
1356
1489
9045
4400
4362
1870
7758
6248
2202
6607
8436
2702
2389
6845
9147
1429
8220
3558
1385
7241
4828
2864
1214
1696
6388
5917
9619
5502
6170
3744
6159
5048
5098
4128
1120
3900
2224
2602
6840
1823
9817
5115
2981
6471
2181
1822
709
1370
9232
3235
1337
4437
7761
4977
3610
7730
4194
9149
4106
948
5169
523
2973
7893
8662
2357
7415
7139
742
218
423
5670
4071
5496
9300
8901
5558
6093
4247
1977
9093
2746
490
6225
3737
906
1887
7528
2643
9105
6292
2004
781
7144
8901
9616
6919
5288
2179
9565
66
5221
6883
228
6910
1806
4490
3056
9375
7281
2312
6554
1621
9908
9746
852
4508
3586
3733
1753
6240
9394
1848
6452
7845
8974
2193
8129
4327
515
202
1154
6318
7444
3221
8851
932
9972
8958
8672
9225
6803
7153
4853
7446
8249
3323
3861
6097
4209
3765
1983
7377
8264
8686
7678
2707
7942
3560
7792
3228
9195
2359
1322
7120
2206
8901
4106
1090
7794
9193
7245
9436
4331
2408
8610
5089
7632
5981
6398
7730
2224
758
4545
9102
1370
3567
6361
7677
1463
7875
2182
5551
5435
7295
5709
8832
5852
7545
545
223
3250
6689
4175
5840
560
1416
3241
8190
8097
5790
7974
133
871
5952
9447
8511
6240
1026
1549
2109
9050
1400
6857
1112
5209
2508
3860
9320
8518
2475
6400
7989
1722
1792
2158
3004
2747
1670
8914
2741
9862
1368
2628
2771
4414
4747
3145
3355
579
1679
2353
8553
4631
8401
1058
7615
4669
3269
8149
9647
8595
1170
4655
7466
3234
2622
9491
9770
5331
5900
6709
7086
2244
7410
8306
2148
8139
2240
2383
9276
6731
9454
6255
1065
9765
1766
3241
2347
1840
5394
1017
684
8268
3575
1974
1320
9683
3378
7300
2640
385
5457
2459
2992
1974
853
4711
5199
8361
2150
6513
8728
1679
520
8030
7975
3196
6845
3847
7717
4922
780
505
6504
5208
1024
1469
101
372
6036
6779
3463
9932
1389
1210
1812
3186
5784
2683
3134
2414
8966
2407
2056
2584
5428
8054
8041
5766
3152
6994
6790
3986
9098
4715
2683
3648
4551
1004
6713
318
1420
254
1751
2557
4441
8924
4482
7424
5763
5894
3127
3123
262
8922
259
5709
2507
5071
9833
1032
7127
6020
6675
9281
6100
121
764
6075
2116
2124
6414
2569
2595
4583
1288
9564
9516
6311
8130
8105
3198
848
9395
5407
4385
3056
1155
263
7860
5122
2349
6349
4904
9011
679
158
8083
6026
9333
8770
8606
8355
5114
4188
7007
7757
7361
4352
1214
533
1164
8821
8274
6882
9354
6906
8300
9330
7678
4558
6439
7077
8862
90
9549
2201
8921
6146
4654
1797
172
3501
8605
6907
1079
5808
1579
7831
1227
5809
8296
7965
8183
5035
22
3394
1924
6286
5905
3177
3421
9849
972
945
4147
4426
5518
2109
9408
6948
5965
2404
6571
8595
857
9738
2155
8236
4844
5695
5647
1081
1985
4198
3372
2387
2483
921
1993
6000
791
4779
1560
6496
7500
1262
1718
9779
5265
630
5269
1373
8248
2878
3319
7868
1035
9722
9615
9689
3116
7836
2114
3869
2129
8506
6036
1159
5775
7296
4256
9531
6246
8002
391
5036
5374
933
8285
2061
9872
7182
9216
8405
2744
9387
6715
4465
7274
4481
4314
3023
6018
806
3631
3368
6576
4912
7828
3500
564
3181
3842
5845
9719
1460
3330
3413
4490
5692
369
9281
7346
7628
7385
1667
6772
5395
3486
1482
3566
8089
2230
2965
6487
6757
1933
2560
1799
1120
1063
1741
826
378
151
6006
48
4683
1680
1442
825
1341
458
2167
8160
4280
2728
6656
3733
7198
167
1342
4671
1065
1689
9955
8002
673
7491
8221
1197
6818
4868
2848
3847
5213
8551
8263
6844
9182
9098
3580
5362
4814
4240
5238
9713
1434
8852
1811
2034
6692
9263
7494
3974
5912
4444
770
7355
5906
9514
9848
3403
5374
1794
1197
7461
2384
5914
2960
5568
5685
1592
9995
7933
345
7211
1271
8029
9834
6182
4677
8931
1373
2014
6106
4555
1584
3527
9594
1882
7568
1482
9033
8440
7676
1210
5805
44
9417
615
8696
4150
1368
290
4422
6147
4997
8066
2369
9900
6672
1334
8509
9456
8801
8396
2673
6420
3480
930
3554
2232
7443
5611
7319
492
9988
3140
328
3282
6674
6999
6792
4677
5391
4208
3541
3691
1433
7006
589
5207
1125
4972
132
9186
9369
9889
8179
6507
8984
2693
8883
9596
1844
7317
2810
8975
8863
9960
8597
4945
4578
3682
3431
8934
594
7481
1441
4797
5151
5735
1779
1829
8815
5648
4849
2544
1835
2244
169
1447
1928
2743
9220
4014
2681
6287
7404
4698
4531
3629
3549
576
4689
5248
1982
2864
1801
6599
1314
1473
14
9157
1114
1806
1815
2569
1533
1730
2256
8879
1675
6497
2592
129
5614
7767
7467
6482
5715
8164
905
2301
1063
9032
3095
553
677
4875
284
400
6527
7344
1646
1984
3723
8571
6950
8993
2000
2257
2289
5784
2288
7679
8776
1787
985
1982
6547
2294
1687
6805
2186
8174
6124
9712
9788
8884
2163
7535
9299
5613
625
1042
2343
9359
4061
787
1954
1598
8241
180
1956
2152
4321
6875
3657
1469
3964
8331
328
7923
4753
2214
7948
4105
9428
8096
6520
9339
6720
4805
246
4085
719
1741
8929
699
9304
1279
2085
9417
5817
4867
5811
5910
9414
8429
697
6351
6752
1799
7585
5233
5368
5678
5289
5302
8006
208
8947
4212
4582
1412
350
18
5170
235
3828
6924
3190
9797
7973
3833
8767
6231
2309
9260
4693
844
1505
3192
4492
5145
7160
5895
549
5413
4983
9325
6298
9849
7253
72
2538
2404
6673
5498
8674
9555
5065
2154
3245
255
540
1352
7468
3031
1665
7600
1081
5088
5210
6641
6968
9977
724
319
2800
2100
7024
4389
1689
2434
2758
2222
2871
6366
9336
4966
566
8813
726
4781
9717
1796
4385
9132
5239
6267
5233
3371
520
3521
1850
8162
1374
2912
5548
9343
5648
2274
3387
1063
667
5619
4079
9168
1650
505
6604
7982
5894
434
7268
4701
6647
2189
3323
8383
7273
5788
7196
2213
443
968
3451
5411
6772
9413
4506
6384
3646
7703
2496
9499
7127
5909
8198
9220
1510
6189
1492
9226
3275
7385
8444
7777
4634
1665
388
967
8938
4753
1802
6806
377
875
4019
2860
5170
2720
7765
5289
7905
4316
6454
3273
9606
351
2165
1124
5033
7251
6231
5730
4269
5946
6372
1378
9768
4616
2291
9404
1937
1330
1667
262
9803
1925
8476
100
4913
9385
3861
4180
5026
503
2119
2777
9584
3769
8626
3430
4131
7218
3967
2413
611
2942
6005
8840
9158
2363
496
264
9223
2535
9471
9964
4760
2491
6493
7381
57
9273
4162
7143
9865
6051
2794
6290
2108
2604
295
2354
8973
1010
5363
9316
7606
1276
9592
539
3710
1456
2915
8001
1779
3161
726
7569
9545
4039
1422
1765
993
2791
100
2539
6605
7669
999
9982
3474
2767
5482
3922
751
476
1994
6063
9038
1628
3284
50
9816
1537
1140
4961
4606
6847
6544
7933
2245
1568
8598
8205
3825
3660
1475
4696
2150
1767
2935
9603
779
7322
8101
124
8912
9927
190
166
5025
5223
7760
2455
3196
246
4283
8606
3503
2242
8101
4648
9205
8703
2575
9541
3763
8911
5384
9446
2733
1680
9552
8794
9599
8806
4895
8922
9465
7835
7190
9793
8634
4900
9302
1568
2288
2150
2369
5985
7215
1304
7710
1114
561
5995
8816
8196
3421
3352
57
1357
4538
440
8251
3547
1845
8602
9904
5314
3905
6832
7754
7159
7567
5739
2557
5478
2095
441
7404
2033
1894
9307
9441
5626
1936
3692
305
7251
5591
639
1023
3732
5844
9704
112
4973
9606
5870
1071
7501
289
4783
7554
2370
8633
8901
9469
8241
3103
3543
7845
4040
8331
7603
1271
9058
8282
8970
6474
6603
9402
2205
9411
4148
420
9127
6504
2074
2377
8619
8102
7954
2161
8175
4246
8952
4351
8856
350
2648
5129
6809
1365
9948
9190
5318
1241
5480
41
5934
436
6802
2461
7257
1947
6149
289
9757
1401
3432
4295
9863
4604
5115
6856
5961
1935
1714
9114
623
40
5765
708
9750
7618
4518
7312
2126
7453
7701
5906
2847
7285
752
5945
9387
2657
2015
4036
9571
1837
8288
4135
8701
1481
1694
2734
4019
9475
6119
9185
2527
51
5086
6168
8806
4406
5934
177
6547
6381
5568
1136
438
1334
6479
3974
1660
3931
2762
1269
3472
218
2698
8082
4770
2470
6372
3644
9623
3867
8289
3773
674
6423
684
8863
7346
2583
6428
2672
2107
4560
9363
9241
825
575
9894
843
1523
995
9213
4315
6060
9242
6141
6960
3792
2441
6565
5530
5277
9632
8390
3957
2783
796
295
9935
1201
8383
1655
4326
8416
1357
3636
7525
1362
521
3724
4417
3128
4672
7090
4831
8864
2515
7683
9000
6494
8027
1193
7055
7643
2200
15
5459
8814
4875
1463
8784
4827
2789
9625
9307
5625
4510
1676
8781
8025
7594
4122
8271
547
3082
1919
2728
7571
5631
8738
7075
5220
9764
679
7908
7547
1757
3572
4172
7576
1498
2163
299
7913
8768
696
9190
7199
1818
1043
2361
9252
7436
6824
622
4557
2712
2429
1711
333
629
4147
1464
4555
5485
4185
1569
5509
2165
2893
634
5652
802
4644
4232
4306
7434
349
191
9913
1145
2497
5872
7645
7669
2685
1558
317
116
7155
8203
6695
8765
2798
7088
7930
8620
9605
9773
1743
2042
8626
7253
5706
5756
2659
4750
2014
4650
4720
8703
1087
1491
8302
5179
8268
6831
451
8574
5228
2981
2299
725
5896
7743
7003
3506
6553
8203
804
816
627
915
2074
6612
8179
462
8694
885
1509
8264
6760
2990
8586
6384
9457
2705
4807
3745
8448
2110
5537
755
1099
7748
4104
19
8657
455
481
560
1454
2947
697
295
4126
8704
9590
786
1205
4391
7424
9804
4543
8723
3584
3256
1235
9131
3416
2611
125
6175
8036
4023
5533
4305
7183
6193
4778
2311
4777
389
2890
9278
2951
3680
3558
2625
9771
6495
2922
809
1318
4478
9563
3447
6107
4067
7644
3392
2710
7917
2354
489
7293
6199
3542
1988
5158
4385
268
2553
585
2448
6258
2872
8087
2709
1498
413
3563
4652
5307
3942
1680
7782
7365
7649
5651
9145
3124
985
4394
5062
6055
3875
9493
764
7345
9572
4980
9163
2384
374
2362
2635
3132
3354
2656
2078
9730
8751
4653
7923
3025
4148
9460
6124
4149
3690
3327
6115
7459
5662
939
8664
36
870
3059
2334
5125
7930
530
1543
3501
9605
9571
1373
4897
1371
1211
9091
6853
6189
7273
1803
3316
43
1468
2361
1234
1338
791
6503
5328
9430
6209
5322
3760
9577
5264
4518
9337
6189
918
8990
8349
414
3292
4686
6137
292
2463
1340
2125
1456
8968
156
1084
5732
5280
1331
9526
5000
243
6367
8452
8090
996
5317
740
3813
1154
362
8407
4502
8346
3718
2310
8683
2381
4198
172
8348
2052
97
4384
7919
5056
8606
5505
1879
4327
9860
7815
3724
7196
7361
56
8465
3021
3679
7912
9266
4627
212
9493
8508
246
1624
4818
4930
3471
7133
4593
957
9778
8618
359
819
6940
6681
7258
2939
7273
5682
2782
3968
7705
3975
9329
8404
9699
6353
1796
3495
1819
1706
4027
3176
6512
7821
4263
1547
4809
5243
2961
5628
5138
1072
1897
1107
9329
6741
2993
8857
4174
1286
3459
2361
1138
1831
4202
4010
5375
1267
6800
2540
7712
854
9411
1730
2898
3868
3085
1103
9652
4184
341
2595
4555
9145
3200
3304
4713
5674
3628
600
7551
73
8462
4642
176
5547
6874
5180
5783
8334
2451
475
604
4798
1780
2881
388
8844
1614
8038
7335
4140
530
1418
6917
2670
6354
409
8891
7040
6052
5697
4082
5730
7063
6720
810
6410
2744
2834
4661
1144
7862
5385
6566
9676
1541
4669
1356
7207
2528
6967
4970
9200
1603
1608
6969
1768
5800
8991
3743
3391
8656
1627
4610
7320
3653
6382
1272
3003
4253
8915
1601
9739
33
1697
7751
5527
7839
7855
3412
932
9165
4379
8517
2442
9295
2006
7454
7469
8330
4098
1694
3952
5802
735
2436
8661
2209
1586
9714
6744
9809
855
1425
1677
6620
5705
4086
9687
3018
2527
2787
5674
4443
4169
8945
6387
4685
9707
9740
23
1392
4345
2943
5241
8888
5317
7794
5552
7363
7700
8225
4648
3788
5415
351
2664
9327
9417
1579
628
9230
4261
8178
1843
9171
410
3301
5316
6518
2832
428
8892
4786
6829
3771
3844
9747
4228
5075
4705
3331
9198
3276
9331
7605
7611
7059
3154
513
6714
6783
8582
9058
9655
2440
7990
3740
6277
1945
9107
7810
525
7509
2758
663
2213
3768
4711
19
7348
5600
7584
2216
725
9116
705
8646
7947
4387
2821
4892
6116
9560
453
9359
6336
8125
2955
9200
5123
3014
6010
3081
5721
8671
6748
3528
4106
3072
5628
1776
47
3152
2101
1244
4339
3304
7050
3029
3485
2105
2248
7830
782
321
4905
8494
5718
4713
6490
6181
4940
723
4335
2819
4077
8531
7974
4077
3523
2362
9977
4130
1482
139
9848
7221
3968
3944
6710
1147
2316
2444
9539
8744
6816
2783
4506
789
241
5845
4795
5972
1127
2600
5228
9015
3344
5863
7228
4286
3353
5631
5672
9392
144
4201
7169
7612
3716
2452
6398
3824
8014
3493
3710
474
6660
1212
3584
9308
7835
7624
1591
9445
956
3950
2664
2398
3995
1910
7286
6787
3892
2950
4528
4147
8935
7139
6856
2233
2326
3557
120
1692
3483
1339
1297
8211
5695
5951
3140
1389
2985
7547
1508
2592
1876
3387
6219
7968
7525
2069
7372
2099
2843
2167
5657
3715
8391
7680
8150
3252
414
9762
253
8582
7116
3462
4212
2268
3948
5120
5932
3102
8438
2804
8395
6525
5975
2842
8300
1157
1991
1438
8694
328
9783
1675
6538
2152
6233
1481
5041
3492
8773
2419
9238
9831
8329
9806
4655
2542
6081
2920
3089
6489
7959
285
8084
243
9981
7552
6917
7205
3704
3736
6140
6696
1695
5945
9181
5018
2277
8356
9666
5362
5603
657
7881
5047
329
1708
1274
2351
4166
1326
1340
5092
6343
1038
88
5099
8028
3303
7373
4552
7233
684
3814
4316
5740
9993
9497
3840
6290
3355
1682
9159
975
4147
1520
4270
1813
199
861
4599
2148
5626
7475
3960
2172
5806
5901
4797
1663
9190
3340
3141
938
8160
7804
5883
949
4915
695
1651
137
2918
7191
1993
2370
1409
9393
4580
5269
3240
6032
4544
4147
7189
3888
9644
9518
6724
6237
3697
4300
4854
1323
1653
1434
6206
647
7519
3763
6816
1581
5755
1169
3179
5979
9936
1907
5972
5270
1793
9743
8485
2012
8097
1690
7926
3034
9130
9014
8395
8255
2975
9531
3245
656
272
1898
1790
1325
9390
5261
7879
1028
6656
4995
1668
2581
342
4651
211
4054
7692
7006
4984
8775
753
5410
7525
5736
9208
9548
2344
5562
4462
2822
7861
3508
7918
993
4342
807
2321
3932
3600
6276
9130
3782
1144
2444
1217
9233
8742
7944
8334
5384
4249
8283
8665
8882
4523
2884
2639
8263
7029
3752
2344
9810
8278
7647
2246
1176
7456
6510
2256
2904
20
7397
1152
5187
8528
8538
5690
2766
566
4742
5743
8694
1950
3406
2033
7555
5230
8197
8151
8864
5066
4864
5923
8010
1847
906
5186
3158
6116
5065
7491
9944
6490
1760
7740
3426
2131
7510
2009
8698
9690
7847
679
4543
6225
1770
7248
4285
6505
995
1512
3310
1533
2922
9623
5107
9232
9483
1864
1444
3304
6783
1442
2997
2907
7867
9876
8202
1033
2456
8006
652
666
7955
941
4332
1066
213
288
6567
4049
6198
1689
1818
2904
2862
2990
7896
7177
4108
8913
8794
3398
9498
5412
4646
2477
1520
49
5780
4635
8456
2169
2428
9662
9666
7531
7716
1231
3721
2247
2073
1344
3254
1924
8395
8114
7140
7919
8879
7435
2179
7237
1759
7701
1953
290
9348
8954
9653
9483
5143
3103
9806
2569
4164
2319
9340
2951
2608
106
7565
6574
348
2413
5515
1423
842
260
9124
4193
6896
3373
90
939
5148
1678
7643
7620
1734
9402
964
8137
7372
8000
1714
703
8937
3124
1705
5674
711
770
697
4605
2808
129
3629
3667
2447
9364
4166
3949
3732
599
904
8397
7560
8792
8210
2994
3845
6963
820
4709
3498
7811
9676
9347
1702
2646
2626
1212
290
3232
1285
2796
9348
9602
3845
5336
7521
2380
6834
1675
5811
3569
2212
6721
5851
8363
5581
964
6825
9791
1885
2165
3882
722
4564
7469
353
6459
4189
1044
6793
4427
1177
2723
3433
4794
5241
149
6937
5956
8144
5283
8660
4516
7208
1760
671
9408
5364
129
1993
4885
4118
9442
7139
6308
307
3621
9122
3453
691
5388
531
987
6973
2777
8702
2977
9730
5028
7054
3667
8329
6732
3520
4519
1915
5330
8154
3405
6847
9747
846
4254
1385
6980
7374
2145
3439
1474
2418
1364
5421
3194
1769
8168
4489
4775
8972
1965
4825
8395
793
3249
4067
1408
3502
9667
725
9054
996
5997
4070
5888
1215
8753
2077
1186
8019
1666
785
2590
7593
2934
2801
4919
98
1995
453
5653
7163
7352
8100
2947
1025
2134
6791
1509
6359
2127
5326
4990
2918
6981
290
817
3877
9782
8490
5510
7993
766
5618
8111
2798
4221
89
5291
3367
4347
6345
1931
6370
810
5501
4580
8255
4683
1614
2660
4483
1843
3006
9464
5896
5855
9673
3613
7015
6517
7448
3830
9
5037
4888
7070
7434
4593
1835
9470
447
9569
94
2481
4329
89
266
3461
7403
2183
7326
4533
441
375
3885
7541
161
1810
3908
8478
7918
6983
1375
9835
7802
1464
4765
851
7236
6728
6497
6887
5699
6163
8842
2366
6186
719
1237
8496
2716
82
241
2992
4209
8756
6451
253
5274
8198
5596
4730
4049
6979
5528
4877
3365
6726
6168
8725
8117
6620
4290
8480
42
5099
8950
699
8954
6004
5621
4555
2234
9061
350
716
2100
2401
3721
2904
3514
2532
9319
9578
281
5618
3529
116
2481
4431
3696
2317
7860
5268
2101
3919
957
8737
459
4480
9828
862
7921
783
3951
8423
9628
5506
6138
1735
2613
2302
954
7555
8879
2582
590
5322
6299
5447
6423
652
8399
1140
7194
5289
5812
1613
340
9131
5391
5829
638
5223
8243
5060
720
9936
965
5818
218
492
1808
8454
4689
7403
4522
8422
4663
9061
359
3967
5791
84
540
1520
3183
4306
5206
5938
486
5267
7756
1986
624
5094
9522
4002
5352
6760
4768
6924
5645
2954
1123
5641
5608
3141
5714
1362
1293
347
7827
3045
6672
7119
7903
5977
8602
6023
131
8309
8108
3057
2473
2542
899
7028
294
2960
7213
56
2357
4752
8363
2249
3204
6879
2855
5528
1134
1857
6679
8770
889
1550
6179
8613
880
1081
5332
4689
499
6112
2013
8107
9213
4979
2751
888
1927
8792
3927
4071
7036
7581
8954
6511
3533
3920
3829
2252
8677
4412
1662
7236
7327
4325
5215
47
2919
4054
5428
7862
126
8233
6498
187
1330
1895
9339
4314
3085
7088
6911
1054
4093
8813
5413
7190
420
20
9722
7929
9921
1419
7257
3657
4991
4945
2941
2132
5612
7242
2819
3648
1820
6761
6883
3224
4159
2707
3999
6562
6337
4945
3069
180
9728
4198
5906
4582
5011
7170
5520
1336
8425
3158
9121
4791
2864
1257
2308
9741
5303
2571
1608
3463
5062
824
2279
9147
2252
5791
1941
6361
1545
8195
8632
6481
2125
7377
4938
1221
1281
3331
1692
6481
9733
2261
2014
5176
4457
9846
1757
1904
4784
2626
7772
2034
3858
1053
2822
5739
1073
8034
8546
6822
8638
8637
2552
8525
8685
7110
2724
8493
1574
3503
2505
3226
7533
943
6407
8195
4420
496
6287
120
3296
9574
4694
4633
7817
5746
4137
480
6374
5285
3841
6065
1448
5113
7575
7969
6022
1740
8585
8325
5530
8654
6013
6669
5801
7614
4645
2241
1928
2799
9155
42
2061
3473
5935
9844
2148
5773
8408
6082
2051
7441
9720
8291
5568
6893
235
1700
7201
269
2016
3190
8389
5720
2992
8833
2193
4728
3711
9017
61
9547
4641
1488
5984
9497
6927
4028
4889
5207
6074
1114
3984
2284
8255
2707
492
3058
8092
766
4503
6815
4386
1639
991
8676
779
3134
5277
2630
5230
3539
3659
2267
8048
6737
4722
2407
4973
2392
6914
9624
8600
9375
7269
8254
8927
137
246
5888
1427
3144
6654
2315
6
2768
4240
4700
502
8221
6678
9551
3769
9671
4234
9529
8473
4997
1609
387
322
688
9157
3336
1241
6058
8987
609
320
9182
7221
6398
9847
9273
4368
8361
9525
3449
4640
8006
1544
4133
3394
6077
3001
750
5058
331
3267
2405
1967
1205
629
2445
3692
9390
278
1585
4360
2492
6729
8985
6640
9878
3985
8217
4803
1664
9303
6635
4295
475
6009
7839
9946
5142
4005
8959
539
7945
8039
3720
2026
2212
7119
38
9886
5108
4711
2238
8902
2166
8787
2002
6561
350
9961
1505
4337
1290
2035
1357
2605
9330
867
8769
4535
339
5270
2563
5150
7149
4956
7238
8308
6954
2264
851
2706
1008
2867
2297
6267
248
7301
6770
7871
7807
7686
7592
5793
1421
3362
1656
4570
6693
8572
517
1807
2076
9924
4832
3425
1454
1675
1575
2708
3021
4871
8348
7186
4651
4098
4664
7633
5242
488
9600
7058
6513
8097
1862
1211
1362
3563
4882
3559
4490
4300
8067
1164
1417
8502
7888
3805
7571
2412
6116
178
8662
1156
2074
9493
6797
3246
7477
5086
8003
1203
7348
3442
6700
3153
3859
4614
8305
7559
7237
234
618
8092
4401
5684
4546
6181
6091
6491
2021
9638
6100
8278
7245
7512
3812
323
9709
8940
263
2700
4509
9711
5718
6407
104
8607
8360
3708
9026
4909
7161
3629
1709
2707
3897
433
7230
5544
8183
49
4524
1314
4768
4856
1721
2203
6963
1508
4389
3607
2247
3762
5854
5380
5423
937
9964
2931
5997
8180
5420
5350
4708
2838
5899
1931
7858
4154
3126
1048
7918
1417
6304
263
3983
1440
2932
8132
2702
2176
8875
5156
6812
775
8255
521
6022
384
2721
6692
2632
1398
7273
490
7712
9791
60
569
1749
7575
1010
92
2360
9290
7320
3726
8073
8774
6836
8380
2749
7055
1640
8062
7038
9925
3048
4855
2084
2628
4623
410
8291
1483
6719
2112
4548
2015
9799
7223
9033
7872
4778
9181
9115
9035
9038
1038
2758
6818
7282
666
7672
6474
2660
2283
5702
6611
3921
7205
9791
3917
5118
1166
2693
233
1015
1104
6905
2637
4998
1517
9030
4205
7910
4995
1873
550
1656
9792
8991
1980
2166
4583
3048
3591
6182
1571
9739
985
2450
6572
4801
3331
9621
7064
2486
8665
2536
1300
2550
2083
8735
1331
756
9414
7309
6085
2097
6562
6879
5835
9115
9884
8343
2667
532
1631
2424
704
245
6879
9794
6595
7154
8319
3358
9999
5711
7011
1548
5633
4259
6376
5594
5567
5692
8323
6697
3948
100
935
2379
8809
2403
5371
3951
9325
2324
2187
336
5479
780
7341
5002
8323
1897
8087
1983
1820
5639
4720
2361
2754
3657
9908
7201
4156
9477
2204
7680
9183
1201
7597
4563
9375
7821
2495
3316
3605
6705
1377
3143
9954
1833
9099
7778
212
158
5749
5425
2007
6934
454
8249
7645
142
4367
2843
816
1912
1545
9755
9799
6800
7772
6881
6455
4035
1762
4815
4732
4194
1995
37
4745
8051
6402
9106
9821
841
4479
2348
1686
3957
9327
3762
8234
9197
9809
8847
7523
2492
8818
9233
3979
8841
1052
5979
5529
8333
122
248
1034
2463
1359
8946
5956
1010
7176
8930
4886
1699
7519
2920
2388
7995
129
2412
1554
6843
3586
3046
47
409
4640
3084
9012
2581
5397
10
4796
6001
2049
999
6551
5889
2391
2069
3482
1983
5798
8473
3321
2722
9244
6044
55
7264
1942
6225
4813
6882
1418
6472
6873
6247
9913
626
2361
3819
6063
8630
9017
8185
7389
3572
4425
463
8074
7576
5475
6401
8629
5152
4907
8289
8557
3825
2728
9677
4756
6184
2626
1961
1858
1661
1356
5823
6454
1836
1667
1668
8371
7463
3976
4029
6280
5126
2443
5489
9759
2369
3880
4929
8475
5967
1303
2245
5500
943
3934
4537
2245
7320
1481
5272
9056
8188
1261
808
8064
738
8138
1318
1543
3636
3712
1299
9769
6870
8563
5280
1632
7625
1665
4085
7362
270
7106
2824
7408
9742
994
3612
8368
8090
5276
7784
1693
3295
1991
3642
4989
2012
1461
2971
9332
8551
3289
2997
8120
3436
5385
227
7940
487
2821
2855
6528
8069
8791
3265
9985
9606
6715
2831
7997
6534
8081
9312
2354
4028
8896
2622
6695
8226
429
2907
1091
1270
4332
746
6349
1808
150
6802
1299
2373
6829
2686
895
6187
236
121
8999
3119
3234
585
2452
5811
304
4680
8149
3404
8352
8507
1861
1531
1241
716
1770
6202
1185
5867
384
1321
274
3717
4389
2361
2496
883
2902
4874
9961
487
5818
2672
5406
1122
7805
1435
834
7561
96
407
3296
8985
8383
9200
7506
1000
9155
5418
4751
4911
8137
9201
2276
4069
2722
7645
1351
2749
5900
1192
3896
4771
1874
1090
7416
9458
3808
2340
4894
2170
970
8292
4920
8672
7836
3625
7471
2743
3860
2496
4191
286
3968
2254
5621
3193
4642
7543
1481
2212
5227
2862
5374
2229
9735
2701
6168
9234
2197
1511
5117
499
7450
1821
5439
6345
3782
2318
6793
9935
9335
8050
2456
6864
1453
713
8876
2506
6862
1183
4767
8433
9898
2724
2374
1590
3729
6105
5125
1017
8388
5356
1543
621
3514
8952
5326
3243
1764
679
232
4346
1859
5898
7987
6446
8920
4394
3554
9502
6156
9199
3041
9195
3681
7665
1973
5965
2089
3102
3240
607
2549
7099
1619
3919
5969
1918
1612
4767
8238
6459
1027
6591
3312
8590
5784
527
73
2697
271
3919
2133
9886
230
7514
4024
3534
9734
3474
341
9763
8792
9661
8529
620
202
2321
7223
1687
6818
3244
1644
6996
8755
599
1174
182
9102
1995
8905
8445
9818
7109
2
4115
2983
7798
359
2996
7551
5550
9614
897
2782
5066
9390
4918
8483
5531
5284
731
7256
698
9638
280
7631
8073
7453
9004
2221
3435
318
6816
396
8198
5033
8727
7275
4152
8567
6601
7496
6936
6637
48
2769
639
7414
5810
3367
4870
5456
7489
261
545
9093
9424
7584
4029
5293
6583
3214
9894
1202
2568
2076
9628
868
3762
1803
7607
3742
1717
6282
2920
5433
2264
1802
4354
1327
2536
6398
3897
4179
1906
4193
1434
3327
7123
4877
4027
670
5950
8409
2276
427
1118
9570
4383
8441
6300
9054
6123
7429
4674
8029
4871
1161
8561
2257
1117
4611
6688
991
7789
7957
2662
8437
636
4877
6731
5951
2476
2392
1642
2389
2254
5011
233
536
1525
7058
2156
5309
7357
3156
311
8728
1932
9047
1458
3693
2760
1656
9442
738
6729
590
2709
7865
3423
2728
1182
4653
8791
9331
4163
6299
7355
2256
2803
4500
664
8854
3115
5103
356
900
2427
4548
9327
4378
517
3302
3577
1608
5397
1105
6981
9782
5431
6676
924
7846
4069
6704
5701
8727
1056
9539
339
7612
4066
5630
9183
6028
5234
3997
6632
4315
1639
9064
57
8041
192
8229
9258
1754
5971
7729
2585
534
4020
4559
6730
4881
5800
5232
2012
5117
299
9764
2591
1278
9919
5503
547
6382
535
1343
4626
7347
3683
4957
433
9294
7516
6642
5186
2437
3234
5356
6430
3444
4867
7762
1361
5999
207
3540
7079
6939
4138
1190
726
2670
5842
3103
4299
6083
2546
9212
4169
2082
2182
7850
2847
1920
2720
3269
3674
9379
8843
4442
9179
9177
8637
2484
5034
8746
5170
1269
8027
1626
6326
3522
5520
2116
9667
9285
2223
3059
6301
1773
325
9826
346
2472
7467
3607
4774
1092
3961
3051
2341
4547
2040
6766
9194
9789
2124
952
4760
6538
834
6051
9351
3024
1909
7463
2650
2313
487
1910
30
3145
9551
6634
9269
6495
542
3803
2452
1354
2215
3141
8394
2638
2302
2537
7442
694
1167
1363
9866
1036
9251
6077
1669
4215
62
7474
94
629
4732
1764
1775
2313
7998
9474
7936
2230
3327
5860
9427
1853
4300
8553
4016
3091
564
6724
7485
5543
3164
3474
6496
2162
342
8703
3240
7104
8770
8426
3496
4542
4981
7350
7238
2677
8746
66
4915
1094
1463
7658
9179
5877
7473
9103
1344
2155
2434
8550
466
4631
8810
1693
1314
9189
7251
3763
8295
3794
9290
1976
8400
1775
731
6226
1931
9732
1804
6577
6662
7446
61
982
1156
508
1453
9360
402
9022
2369
3910
7962
3119
4657
2412
568
3261
5363
3920
4267
6342
7037
2836
1006
1918
8629
1553
7336
9998
4106
3625
1985
287
3081
9374
6310
1079
121
3106
8030
1987
8136
3230
8589
3350
5257
1239
8393
1233
1678
4670
2860
6132
4355
3862
2634
7507
2027
2091
3667
2716
9519
5041
2043
488
7795
7515
4328
9489
7051
7806
7260
6755
9743
8069
6931
2533
9323
5766
5743
6298
3738
4340
1746
35
6052
7127
4187
183
5893
1129
2646
6454
1600
3874
1421
4634
6484
150
3635
3119
2749
5677
5171
6437
1582
1747
1844
2292
2494
4497
9760
1823
9633
9628
101
5947
5561
9453
7227
4530
8508
5857
1959
5267
5303
2386
1519
2877
3043
389
6927
3148
4647
2613
2268
4322
3054
7024
2615
1882
1803
7920
1637
8585
7994
1757
1372
1093
4313
1345
5664
4235
3159
7997
799
9772
811
9290
8857
1080
9144
8642
7332
1774
4335
959
5871
33
6870
2884
1110
3279
2280
2972
5989
9231
766
319
6672
9881
9596
9756
2995
5931
1982
403
5397
3304
9700
2514
611
4211
4236
915
7786
6685
3103
7812
1188
6140
1823
7751
9623
6716
352
1339
9786
6586
3203
3275
9690
8814
3931
6389
8908
2585
4890
461
9651
8528
475
6435
772
184
9382
6050
1656
4898
1935
3947
1315
9848
8943
1810
9187
6217
6600
8390
6810
8113
6643
3111
7311
9885
1229
6627
7138
2878
5105
2226
4495
6364
1335
179
3989
3244
7886
1254
2120
1685
3205
2123
1699
3007
3649
3611
7874
2365
4074
5942
9806
3149
4662
684
5162
8878
634
2304
9310
7361
1934
8746
9602
3219
176
6555
7262
586
4668
8263
5552
5037
1755
1550
7373
2105
9130
4539
6955
5697
9981
5025
30
3974
9683
9682
3138
2600
9914
2771
4937
8459
9686
4204
3380
4829
6287
7588
2711
9575
6889
9949
7065
7811
9353
7883
6793
6573
3588
8810
9207
8845
1225
1425
466
4739
7442
6626
7102
579
9302
5524
3113
4308
8755
8386
205
2420
8651
8981
7576
1150
3324
2015
3274
5582
6389
8762
7999
2180
9606
6241
1679
7160
1639
1836
2610
4237
4219
866
4423
9976
3190
2810
3590
9379
5612
8371
4261
1005
3180
3957
1448
9189
526
4695
5069
2183
4025
8275
4151
7637
2008
6710
1849
9786
9213
4940
6917
8667
4071
124
1205
9599
2896
3327
2938
8321
1738
6839
163
3859
5483
9422
1809
7748
5590
4892
3768
773
2044
9726
3528
3529
1699
5699
7005
6892
1638
5864
5124
4406
9901
6646
5056
5887
2206
4986
1147
421
4692
2070
1264
5275
2559
1495
1257
9989
1692
4039
7732
7233
4391
5635
2300
616
2894
1519
7637
9670
759
1720
5159
4165
5157
3818
9551
2465
9063
2148
7795
5144
5346
2409
724
6112
6640
9976
9209
3709
2552
1934
1289
6771
3008
2202
3449
8761
353
5313
2967
335
890
3300
1766
9137
1063
2319
9772
7820
2804
8387
7576
1057
2348
1798
4903
9944
8583
2185
1273
2423
9667
2906
271
4546
1233
379
3384
773
4916
6595
9261
2128
502
6148
7577
1314
4924
3965
2301
7625
7995
6496
307
9673
427
2550
6129
6907
1706
3586
7104
5976
3380
7955
2014
583
3794
334
5329
4099
9664
9404
3213
2080
2228
3952
3111
3935
124
7867
2459
6880
3366
1251
8155
1607
4854
5969
1001
8163
9028
9931
2552
4395
7348
9842
7053
2089
650
380
5931
8060
2061
6148
8560
7176
3931
688
5706
6577
2285
8739
4302
8840
4573
5572
3946
420
4213
2800
7625
357
2186
5116
7511
2342
7465
2461
2965
2833
8689
9115
8656
9383
1809
4835
5005
2031
2099
4012
3352
8991
5881
1356
3389
553
6966
2668
86
8776
401
1081
71
3932
8054
7789
9766
9121
1245
9774
3294
3142
6191
6052
4854
4973
7462
3537
990
5678
5684
5260
9162
34
5927
1630
1250
4557
7291
6657
4104
6746
321
6150
6684
5885
4895
278
7757
4213
6744
8571
3088
8833
6669
2688
998
3605
8115
5926
9225
2013
7799
520
8599
4273
3520
1
915
9945
7524
877
1416
7347
2493
4477
6239
8707
3437
6895
3971
1738
9792
1246
595
1210
2258
6965
8680
1464
641
5738
8391
4883
1251
9561
9481
8149
4762
8045
6921
1304
8263
646
7022
9930
446
5368
7322
372
8569
8401
4322
4919
2303
253
6638
3672
4790
8813
1843
9374
3526
2309
8672
4697
5776
6901
7510
9973
4607
4635
5308
2543
2574
502
6577
6792
9323
8190
1715
3720
2106
4770
7072
5461
6732
9186
6939
2339
1330
1839
9553
2798
4732
575
6220
5654
5271
741
3511
1002
5783
7009
2548
7529
449
3124
5323
2100
972
679
8243
1544
2792
5196
2838
1403
8848
3396
7024
9893
4796
1634
8760
145
6603
5537
4226
4675
6095
8498
3428
1596
1561
2472
7688
9452
8806
1480
9154
7431
7162
5098
3394
7660
1836
5317
124
5426
7730
2139
1158
4499
575
240
8769
6158
6490
7793
6316
8007
6000
4034
5557
5058
6829
1161
7442
6992
8727
4985
8015
9001
9131
7617
6232
2443
6301
2759
9785
5921
234
1967
6805
888
976
1680
1236
8526
7825
776
3152
4619
2435
5967
3314
3797
8715
8810
8328
8158
3755
3969
810
433
1434
1699
6253
7294
1251
8824
7799
385
9297
7800
1236
9274
8009
8122
8473
6808
9048
7983
1367
2807
2543
3824
8002
396
7660
6757
7299
910
8827
3511
7722
5528
236
3640
7224
9100
8679
6802
2492
954
1165
1854
9388
897
2305
4790
9607
741
216
4044
1865
6354
7628
1885
7742
2080
2951
3632
5578
9767
1342
7907
2361
1653
3947
872
1650
5774
6432
6428
5617
9939
9865
1945
6006
6326
5265
5052
4424
1933
1927
8121
5981
69
5923
5341
4078
3480
1652
9205
8663
274
5628
5133
7917
7425
7054
2588
771
4555
3126
9422
2974
1525
2730
4257
1800
8849
1376
4260
7826
9399
7024
509
4861
9783
5355
6906
906
3869
1372
7771
2480
1766
4637
7918
8239
5027
4589
9114
4563
5404
8770
1184
1019
71
410
2270
6218
2777
358
6982
7070
9563
2728
8800
5615
7889
8012
203
1706
7159
5797
4761
9999
9068
2090
9900
3991
9588
7665
843
42
9305
7530
6330
1328
1810
9632
7833
7446
8982
8859
1467
1763
723
4041
6185
1324
9498
5678
3608
613
4669
6394
5673
154
8028
7562
9472
9261
8108
5169
9303
1887
3801
6041
1460
2292
5917
2132
7320
706
1058
456
713
9403
1348
3738
4226
6572
6283
4298
9177
6885
2360
704
8834
617
8285
325
1474
2184
7762
2070
7783
7356
4693
2324
6854
1264
5137
5727
3780
8888
1923
116
4169
2604
7321
6212
1778
2983
939
2279
8182
6592
9135
4049
8172
3334
504
4884
7195
9857
366
1110
705
1367
6036
2405
7544
6876
694
8776
2022
4686
2753
8039
7732
6336
855
8094
529
9844
8883
9422
1112
1999
7467
3364
447
6215
6372
1598
7137
7888
6841
8347
2559
3112
5679
2627
9474
8416
5683
5719
5220
6764
2981
8586
6512
685
2649
4864
7767
6253
395
5221
437
9417
2771
5058
2483
5910
5833
6059
3790
8077
6587
5917
3431
8825
2493
5638
3341
7524
2304
6005
2152
2524
3062
276
4839
6395
9733
2546
9148
4504
2938
8870
6774
5816
640
7153
9472
6105
2625
5252
3320
4576
5339
3730
9011
2401
3607
4407
3519
6495
8470
7929
1657
869
13
4093
6255
8260
9316
7709
4857
1166
3305
3721
1028
514
5769
5452
9438
8153
8738
5856
1113
3889
6242
7780
9514
4775
2708
9901
6369
4442
3965
331
8174
9438
3570
2414
754
4495
6013
232
3444
6006
9311
7284
5013
720
7495
9064
7702
5981
9956
7015
7304
7639
2616
1834
9060
5620
6205
7248
7468
1133
3213
2596
6209
7376
28
2846
4775
2899
6312
540
9062
5834
1493
2305
2531
5994
866
415
718
1183
320
3730
173
2571
9652
5741
6296
3344
7066
5737
3302
3152
8044
7418
5865
7027
6708
1621
9510
9161
4111
7903
3160
6192
5250
2920
3828
8248
4497
2472
5007
5157
7661
9000
5519
549
7182
9892
3776
5091
2050
7119
7881
3275
7701
8040
78
543
1953
7435
2599
1321
3479
3835
2784
5825
399
191
1138
7282
2717
1515
2690
2504
837
7217
56
1325
7983
5223
5811
9509
638
7306
1660
1093
3294
3779
152
3275
6828
3145
2593
2538
4827
8696
3351
7749
4388
4880
7603
8015
8957
4369
3181
2096
1421
9701
5247
1467
3935
5982
7849
3981
8869
9139
6006
1320
6111
1733
1919
9313
7261
1302
8334
3862
7041
3388
342
9252
1848
4675
3889
4952
9594
1169
7034
6005
5855
7469
6236
8198
7093
2498
8170
4628
1040
2385
2577
6554
2082
5077
9579
7015
9131
1387
9574
5923
2577
2129
6532
5286
3971
4190
1571
6021
107
5363
2096
575
531
1232
151
1095
1386
106
5119
1842
8007
3740
1172
8980
9004
4764
2932
710
2110
7039
2511
7242
6836
9679
8600
3378
2975
2203
6977
8734
3385
944
7350
6421
8401
327
569
7622
8149
223
2638
6447
3345
2364
3575
1438
7623
7824
1843
3461
2431
1594
866
8691
2626
1340
524
4257
4865
9953
115
187
5260
2447
3542
4592
672
6553
3048
7595
8895
344
4736
1843
4422
6042
6322
6351
555
1835
9006
5374
6278
8084
2039
1798
4626
5730
1879
7388
1140
2841
209
3667
7899
3256
5319
408
9576
4174
4061
3182
4240
2973
9325
9093
5167
7789
4093
6801
5056
4917
2718
9751
1930
934
4342
4907
2157
312
2305
3736
9854
3194
8467
6512
3647
1763
7393
7925
8370
3310
4832
4438
4975
6694
3310
6302
2228
2014
6320
2682
1325
1268
4108
8634
388
7031
6376
4249
7482
4791
9810
5776
1783
268
9777
6712
2255
9673
7308
2703
1334
2082
3034
6541
9300
636
7497
7542
8812
5588
8883
7315
3130
8402
9902
8333
1980
7423
419
3945
9202
4950
2466
1947
4264
5783
1011
7380
5348
4769
5440
6269
6539
4465
5553
7017
4521
7238
9992
8389
6384
4007
6878
836
2720
6071
4126
1129
4216
87
5201
7699
1629
2653
3945
2192
8425
7316
2722
1211
4725
5380
4997
4424
314
5203
5727
1283
3651
2252
33
3155
7431
767
1850
1268
1447
8409
9170
805
2243
2694
1432
4335
8178
2004
751
5192
881
3210
2980
1559
6827
7609
7555
1704
10
4897
8874
1570
6045
1975
8622
7656
5466
5221
7325
4525
8070
1794
3028
9883
1155
4308
6274
3333
2441
4260
9452
3899
2041
7665
8002
1358
9965
9176
1986
8613
1236
6610
3996
6304
1229
6013
3430
3675
7793
7488
513
3333
8758
4218
987
2385
9841
1994
3334
3756
9883
7380
2216
4465
568
114
5989
1433
5396
7273
2762
9927
8927
334
4844
723
8907
1753
3889
7269
9971
776
3372
6613
1550
5911
3935
1072
5444
1439
8203
9790
3376
940
2348
4545
8919
1380
9891
4960
6248
3477
9956
6389
7972
222
6081
5188
5120
8192
566
3230
5816
3526
1544
4565
4663
8723
8359
7440
4437
2491
2923
7969
3199
5061
2142
6069
7805
1983
806
5771
3056
7139
3702
249
2587
120
7125
715
1619
3804
4095
2318
5706
3873
9883
3580
952
2277
3581
4489
6011
5767
1517
5486
7041
406
5032
6931
4499
2140
7348
1746
8229
2619
2506
2489
5243
807
3839
5136
9262
1444
707
6796
1038
8577
9695
6868
682
3974
8984
1186
383
2202
1689
1884
1694
951
2816
996
1761
3458
9047
6956
4350
1430
2166
5598
9436
2752
5767
4171
9078
8977
6698
434
5935
6863
7035
8291
3221
61
2320
3541
4328
6268
359
6293
9661
1217
1824
9168
606
9
7414
9522
1412
1787
6852
800
6920
589
9973
1427
3973
7578
6733
5734
3843
4882
1638
1298
3648
98
4173
7992
2879
5525
3663
1263
9782
9035
6750
5550
1378
26
3177
988
1278
754
8026
822
3236
3109
4433
97
7027
1735
2
3937
6466
5714
2458
4457
8916
5885
2424
5252
9324
2766
9721
6163
1074
5549
2356
1288
2679
1435
6280
5250
453
4244
1058
1594
7723
1569
1875
1261
3192
9248
2370
555
3765
9367
4894
9760
5080
3607
3319
7537
742
4942
333
1017
2729
5216
1769
7956
8594
6327
3115
5788
1153
408
307
6082
2435
4151
3172
8351
7595
5694
1461
1532
5028
10
6330
479
6677
4455
1475
5798
8006
1469
6516
8201
274
267
8180
4171
7006
6483
6522
9505
6393
710
9573
3223
1524
3201
9482
2687
4
5496
3268
9851
9494
9810
3366
541
7346
2933
501
6957
1939
388
8500
2443
7718
6246
7615
7285
2353
617
1325
7355
7670
2694
4416
6225
6327
759
5646
709
2060
8086
9381
4465
2963
1256
3514
4531
2600
6858
6211
2204
998
2202
2966
9126
9868
4778
1697
617
1795
1600
8796
3712
8351
7217
8764
8727
276
3024
185
5672
8347
1745
8689
1366
2261
371
4574
3849
3663
4589
646
1468
8054
4344
1347
7683
13
8029
4882
1761
1821
2001
9423
8073
6445
2910
6609
1411
7826
8660
9137
4257
2552
9760
8449
4210
5233
6267
9723
5015
8094
566
9751
645
5308
1172
8753
6506
3312
3178
1690
4275
8871
4082
2910
3981
7367
1718
7543
6459
3386
7723
9456
2728
5772
4267
8748
9229
754
8824
2423
5205
9165
1470
9533
2670
8752
3976
6746
5267
9566
1782
7777
456
8712
1501
8178
3942
1174
8896
9526
9256
3459
9965
76
8005
2046
7947
9737
318
5950
3779
4283
8410
3717
1132
8831
913
9865
972
6100
7062
5983
411
3328
9640
8136
378
7825
4506
8097
3012
2278
6690
2806
2067
6383
6591
1751
1255
9938
8415
1741
2099
4432
6511
9838
2856
2087
5780
1151
7302
2345
7338
1642
8944
6893
1595
9425
8223
6436
114
4705
410
2191
7153
4442
405
5744
7343
8206
727
7934
422
72
3376
5676
2044
6415
1563
6572
3648
8907
5040
1920
6664
8568
5037
2625
361
1417
7782
7812
3094
3278
3515
7418
540
2408
2745
1974
9774
6604
8980
7909
284
1143
5203
7273
1593
8049
1644
2390
2397
7685
5953
3249
5192
656
731
1973
1481
1208
3191
4967
8126
735
8062
7245
9948
4536
2089
2571
5746
9545
868
4110
2377
8945
1027
3229
5166
1212
7411
9709
8643
3061
3202
1203
6498
9211
4769
7519
6468
4151
5512
1831
9474
3101
4795
1025
5514
6913
60
2550
2243
1500
2866
6387
5348
5727
2296
8466
2354
9783
7112
9833
505
7169
7946
2640
974
7408
279
3609
8338
2157
8275
2619
4825
9343
8843
3711
572
9419
3515
607
8603
2653
6451
187
6583
7528
1851
2655
639
5050
6148
1362
2073
7636
4433
863
9668
8600
8166
1257
1611
8164
3631
9691
1452
3070
2037
318
5498
192
7933
1886
2048
2294
1953
3791
2200
8645
6691
9147
9851
174
2158
5728
8937
340
4911
2856
3211
779
9877
8777
4007
7825
8965
158
1747
9761
3361
4229
1102
8389
4026
747
2156
1580
4707
2773
2592
7165
6280
6048
2175
8491
1631
2731
8194
7721
5789
3123
124
2112
172
4543
3053
3358
3052
4814
3222
5073
6808
8894
7998
6965
6666
3534
3621
154
8897
1078
1351
2201
7010
2373
3219
5208
6061
5003
5676
3245
402
9849
4047
7103
9892
5301
3942
3539
7132
6434
8509
9302
4145
7824
7235
7126
4886
3040
9028
8454
6484
1018
6340
5585
2202
9122
5406
5710
5794
2472
5950
8629
6247
7664
3740
3202
2116
626
4442
7095
6606
7010
8127
151
8756
8434
4133
1104
181
1271
544
5400
2739
6666
1393
4012
6567
6511
9050
7253
8950
6203
5090
3852
3282
417
7546
5262
7076
2926
9985
9315
3800
2214
9414
7196
9033
9902
5516
4924
5440
3916
5459
9017
9015
5996
7380
4131
50
1204
6813
4500
2496
7322
2366
8215
2861
6709
1699
7246
1708
7441
3043
6511
741
2470
360
191
2217
9771
4176
98
6013
1416
1715
4737
1670
7049
2838
9149
3986
1850
6480
2291
2872
7023
9627
977
1568
3282
317
6056
4565
2243
4823
8786
842
9115
1310
757
7787
3953
4408
4697
